123456789

number of cards = 14

winning pattern:
111 222 333 444 55
123 123 123 234 55

pattern:
111
123


brainstorm:

2355
>23 55 = 1,4


8889
>88 89 = 7
>888 9 = 9

7778
>77 78 = 6,9
>777 8 = 8


12222334
>123 22 234 = 2
>123 222 34 = 5


111 234 567 8999
1 > 111 123 456 789 99
2 > 111 22 345 678 999
3 > 11 123 345 678 999
4 > 111 234 456 789 99
5 > 111 234 55 678 999
6 > 11 123 456 678 999
7 > 111 234 567 789 99
8 > 111 234 567 88 999
9 > 11 123 456 789 999

11 123 ^45 678 999
11 123 456 ^78 999
11 123 456 78^ 999




--------------


1112344455566
1 = 111 123 444 555 66
2 = 111 22 345 445566
3 = 11 123 345 445566
4 = 111 234 444 555 66
5 = 111 234 456 456 55
6 = 111 234 44 555 666

111 222 445566 7

12 12 12 456 456 7
